# Made in Blockbench 4.6.0
mtllib female(2).mtl

o Head
v 0.22282397297834688 1.9711288318672233 0.32153864596587844
v 0.26616312021316224 2.02339306350105 -0.17383007368513526
v 0.2273791009055287 1.4738678841830866 0.2694732955124215
v 0.27071824814034406 1.5261321158169134 -0.22589542413859237
v -0.23193422883271053 2.02339306350105 -0.21740794505896432
v -0.2752733760675259 1.9711288318672233 0.2779607745920494
v -0.2273791009055287 1.5261321158169134 -0.26947329551242144
v -0.27071824814034406 1.4738678841830866 0.22589542413859243
vt 0.125 0.875
vt 0.25 0.875
vt 0.25 0.75
vt 0.125 0.75
vt 0 0.875
vt 0.125 0.875
vt 0.125 0.75
vt 0 0.75
vt 0.375 0.875
vt 0.5 0.875
vt 0.5 0.75
vt 0.375 0.75
vt 0.25 0.875
vt 0.375 0.875
vt 0.375 0.75
vt 0.25 0.75
vt 0.25 0.875
vt 0.125 0.875
vt 0.125 1
vt 0.25 1
vt 0.375 1
vt 0.25 1
vt 0.25 0.875
vt 0.375 0.875
vn 0.08667829446963066 0.1045284632676535 -0.9907374393020277
vn 0.9961946980917457 1.7347234759768075e-18 0.08715574274765817
vn -0.08667829446963066 -0.1045284632676535 0.9907374393020277
vn -0.9961946980917457 -1.7347234759768075e-18 -0.08715574274765817
vn -0.00911025585436364 0.9945218953682734 0.10413070090691415
vn 0.00911025585436364 -0.9945218953682734 -0.10413070090691415
usemtl m_3fc029c2-0de1-05ce-61fd-d479881cf75e
f 4/4/1 7/3/1 5/2/1 2/1/1
f 3/8/2 4/7/2 2/6/2 1/5/2
f 8/12/3 3/11/3 1/10/3 6/9/3
f 7/16/4 8/15/4 6/14/4 5/13/4
f 6/20/5 1/19/5 2/18/5 5/17/5
f 7/24/6 4/23/6 3/22/6 8/21/6
o Hat Layer
v 0.2509616650960891 1.9989411266203678 0.3584768923082722
v 0.2997182057352563 2.057738387208423 -0.1988129172991182
v 0.2560861840141686 1.439522560475714 0.2999033730481331
v 0.30484272465333584 1.498319821063769 -0.25738643655925747
v -0.2606413119413505 2.057738387208423 -0.2478380225946759
v -0.3093978525805177 1.9989411266203678 0.3094517870127145
v -0.25551679302327096 1.498319821063769 -0.3064115418548152
v -0.3042733336624382 1.439522560475714 0.2508782677525754
vt 0.625 0.875
vt 0.75 0.875
vt 0.75 0.75
vt 0.625 0.75
vt 0.5 0.875
vt 0.625 0.875
vt 0.625 0.75
vt 0.5 0.75
vt 0.875 0.875
vt 1 0.875
vt 1 0.75
vt 0.875 0.75
vt 0.75 0.875
vt 0.875 0.875
vt 0.875 0.75
vt 0.75 0.75
vt 0.75 0.875
vt 0.625 0.875
vt 0.625 1
vt 0.75 1
vt 0.875 1
vt 0.75 1
vt 0.75 0.875
vt 0.875 0.875
vn 0.08667829446963066 0.1045284632676535 -0.9907374393020277
vn 0.9961946980917457 1.7347234759768075e-18 0.08715574274765817
vn -0.08667829446963066 -0.1045284632676535 0.9907374393020277
vn -0.9961946980917457 -1.7347234759768075e-18 -0.08715574274765817
vn -0.00911025585436364 0.9945218953682734 0.10413070090691415
vn 0.00911025585436364 -0.9945218953682734 -0.10413070090691415
usemtl m_3fc029c2-0de1-05ce-61fd-d479881cf75e
f 12/28/7 15/27/7 13/26/7 10/25/7
f 11/32/8 12/31/8 10/30/8 9/29/8
f 16/36/9 11/35/9 9/34/9 14/33/9
f 15/40/10 16/39/10 14/38/10 13/37/10
f 14/44/11 9/43/11 10/42/11 13/41/11
f 15/48/12 12/47/12 11/46/12 16/45/12
o Body
v 0.25 1.5 0.125
v 0.25 1.5 -0.125
v 0.25 0.75 0.125
v 0.25 0.75 -0.125
v -0.25 1.5 -0.125
v -0.25 1.5 0.125
v -0.25 0.75 -0.125
v -0.25 0.75 0.125
vt 0.3125 0.6875
vt 0.4375 0.6875
vt 0.4375 0.5
vt 0.3125 0.5
vt 0.25 0.6875
vt 0.3125 0.6875
vt 0.3125 0.5
vt 0.25 0.5
vt 0.5 0.6875
vt 0.625 0.6875
vt 0.625 0.5
vt 0.5 0.5
vt 0.4375 0.6875
vt 0.5 0.6875
vt 0.5 0.5
vt 0.4375 0.5
vt 0.4375 0.6875
vt 0.3125 0.6875
vt 0.3125 0.75
vt 0.4375 0.75
vt 0.5625 0.75
vt 0.4375 0.75
vt 0.4375 0.6875
vt 0.5625 0.6875
vn 0 0 -1
vn 1 0 0
vn 0 0 1
vn -1 0 0
vn 0 1 0
vn 0 -1 0
usemtl m_3fc029c2-0de1-05ce-61fd-d479881cf75e
f 20/52/13 23/51/13 21/50/13 18/49/13
f 19/56/14 20/55/14 18/54/14 17/53/14
f 24/60/15 19/59/15 17/58/15 22/57/15
f 23/64/16 24/63/16 22/62/16 21/61/16
f 22/68/17 17/67/17 18/66/17 21/65/17
f 23/72/18 20/71/18 19/70/18 24/69/18
o Body Layer
v 0.265625 1.515625 0.140625
v 0.265625 1.515625 -0.140625
v 0.265625 0.734375 0.140625
v 0.265625 0.734375 -0.140625
v -0.265625 1.515625 -0.140625
v -0.265625 1.515625 0.140625
v -0.265625 0.734375 -0.140625
v -0.265625 0.734375 0.140625
vt 0.3125 0.4375
vt 0.4375 0.4375
vt 0.4375 0.25
vt 0.3125 0.25
vt 0.25 0.4375
vt 0.3125 0.4375
vt 0.3125 0.25
vt 0.25 0.25
vt 0.5 0.4375
vt 0.625 0.4375
vt 0.625 0.25
vt 0.5 0.25
vt 0.4375 0.4375
vt 0.5 0.4375
vt 0.5 0.25
vt 0.4375 0.25
vt 0.4375 0.4375
vt 0.3125 0.4375
vt 0.3125 0.5
vt 0.4375 0.5
vt 0.5625 0.5
vt 0.4375 0.5
vt 0.4375 0.4375
vt 0.5625 0.4375
vn 0 0 -1
vn 1 0 0
vn 0 0 1
vn -1 0 0
vn 0 1 0
vn 0 -1 0
usemtl m_3fc029c2-0de1-05ce-61fd-d479881cf75e
f 28/76/19 31/75/19 29/74/19 26/73/19
f 27/80/20 28/79/20 26/78/20 25/77/20
f 32/84/21 27/83/21 25/82/21 30/81/21
f 31/88/22 32/87/22 30/86/22 29/85/22
f 30/92/23 25/91/23 26/90/23 29/89/23
f 31/96/24 28/95/24 27/94/24 32/93/24
o Right Arm
v 0.5 1.5280931089239487 0.08838834764831849
v 0.5 1.4633883476483187 -0.15309310892394867
v 0.5 0.8036487392071474 0.28250263147520904
v 0.5 0.7389439779315174 0.04102117490294188
v 0.25 1.4633883476483187 -0.15309310892394867
v 0.25 1.5280931089239487 0.08838834764831849
v 0.25 0.7389439779315174 0.04102117490294188
v 0.25 0.8036487392071474 0.28250263147520904
vt 0.6875 0.6875
vt 0.75 0.6875
vt 0.75 0.5
vt 0.6875 0.5
vt 0.625 0.6875
vt 0.6875 0.6875
vt 0.6875 0.5
vt 0.625 0.5
vt 0.8125 0.6875
vt 0.875 0.6875
vt 0.875 0.5
vt 0.8125 0.5
vt 0.75 0.6875
vt 0.8125 0.6875
vt 0.8125 0.5
vt 0.75 0.5
vt 0.75 0.6875
vt 0.6875 0.6875
vt 0.6875 0.75
vt 0.75 0.75
vt 0.8125 0.75
vt 0.75 0.75
vt 0.75 0.6875
vt 0.8125 0.6875
vn 0 -0.25881904510252074 -0.9659258262890683
vn 1 0 0
vn 0 0.25881904510252074 0.9659258262890683
vn -1 0 0
vn 0 0.9659258262890683 -0.25881904510252074
vn 0 -0.9659258262890683 0.25881904510252074
usemtl m_3fc029c2-0de1-05ce-61fd-d479881cf75e
f 36/100/25 39/99/25 37/98/25 34/97/25
f 35/104/26 36/103/26 34/102/26 33/101/26
f 40/108/27 35/107/27 33/106/27 38/105/27
f 39/112/28 40/111/28 38/110/28 37/109/28
f 38/116/29 33/115/29 34/114/29 37/113/29
f 39/120/30 36/119/30 35/118/30 40/117/30
o Right Arm Layer
v 0.515625 1.5472297475394425 0.09943689110435827
v 0.515625 1.4744368911043584 -0.1722297475394422
v 0.515625 0.7926001957511075 0.30163927009070257
v 0.515625 0.7198073393160236 0.029972631446902098
v 0.234375 1.4744368911043584 -0.1722297475394422
v 0.234375 1.5472297475394425 0.09943689110435827
v 0.234375 0.7198073393160236 0.029972631446902098
v 0.234375 0.7926001957511075 0.30163927009070257
vt 0.6875 0.4375
vt 0.75 0.4375
vt 0.75 0.25
vt 0.6875 0.25
vt 0.625 0.4375
vt 0.6875 0.4375
vt 0.6875 0.25
vt 0.625 0.25
vt 0.8125 0.4375
vt 0.875 0.4375
vt 0.875 0.25
vt 0.8125 0.25
vt 0.75 0.4375
vt 0.8125 0.4375
vt 0.8125 0.25
vt 0.75 0.25
vt 0.75 0.4375
vt 0.6875 0.4375
vt 0.6875 0.5
vt 0.75 0.5
vt 0.8125 0.5
vt 0.75 0.5
vt 0.75 0.4375
vt 0.8125 0.4375
vn 0 -0.25881904510252074 -0.9659258262890683
vn 1 0 0
vn 0 0.25881904510252074 0.9659258262890683
vn -1 0 0
vn 0 0.9659258262890683 -0.25881904510252074
vn 0 -0.9659258262890683 0.25881904510252074
usemtl m_3fc029c2-0de1-05ce-61fd-d479881cf75e
f 44/124/31 47/123/31 45/122/31 42/121/31
f 43/128/32 44/127/32 42/126/32 41/125/32
f 48/132/33 43/131/33 41/130/33 46/129/33
f 47/136/34 48/135/34 46/134/34 45/133/34
f 46/140/35 41/139/35 42/138/35 45/137/35
f 47/144/36 44/143/36 43/142/36 48/141/36
o Left Arm
v -0.25 1.4620490096412957 0.15385860366086002
v -0.25 1.52885860366086 -0.08704900964129575
v -0.25 0.7393261697348286 -0.04657017839783267
v -0.25 0.8061357637543927 -0.2874777916999884
v -0.5 1.52885860366086 -0.08704900964129575
v -0.5 1.4620490096412957 0.15385860366086002
v -0.5 0.8061357637543927 -0.2874777916999884
v -0.5 0.7393261697348286 -0.04657017839783267
vt 0.5625 0.1875
vt 0.625 0.1875
vt 0.625 0
vt 0.5625 0
vt 0.5 0.1875
vt 0.5625 0.1875
vt 0.5625 0
vt 0.5 0
vt 0.6875 0.1875
vt 0.75 0.1875
vt 0.75 0
vt 0.6875 0
vt 0.625 0.1875
vt 0.6875 0.1875
vt 0.6875 0
vt 0.625 0
vt 0.625 0.1875
vt 0.5625 0.1875
vt 0.5625 0.25
vt 0.625 0.25
vt 0.6875 0.25
vt 0.625 0.25
vt 0.625 0.1875
vt 0.6875 0.1875
vn 0 0.26723837607825685 -0.963630453208623
vn 1 0 0
vn 0 -0.26723837607825685 0.963630453208623
vn -1 0 0
vn 0 0.963630453208623 0.26723837607825685
vn 0 -0.963630453208623 -0.26723837607825685
usemtl m_3fc029c2-0de1-05ce-61fd-d479881cf75e
f 52/148/37 55/147/37 53/146/37 50/145/37
f 51/152/38 52/151/38 50/150/38 49/149/38
f 56/156/39 51/155/39 49/154/39 54/153/39
f 55/160/40 56/159/40 54/158/40 53/157/40
f 54/164/41 49/163/41 50/162/41 53/161/41
f 55/168/42 52/167/42 51/166/42 56/165/42
o Left Arm Layer
v -0.234375 1.4729301358464577 0.17309092911846746
v -0.234375 1.5480909291184677 -0.09793013584645777
v -0.234375 0.7200938442772209 -0.035689052192670656
v -0.234375 0.7952546375492306 -0.3067101171575959
v -0.515625 1.5480909291184677 -0.09793013584645777
v -0.515625 1.4729301358464577 0.17309092911846746
v -0.515625 0.7952546375492306 -0.3067101171575959
v -0.515625 0.7200938442772209 -0.035689052192670656
vt 0.8125 0.1875
vt 0.875 0.1875
vt 0.875 0
vt 0.8125 0
vt 0.75 0.1875
vt 0.8125 0.1875
vt 0.8125 0
vt 0.75 0
vt 0.9375 0.1875
vt 1 0.1875
vt 1 0
vt 0.9375 0
vt 0.875 0.1875
vt 0.9375 0.1875
vt 0.9375 0
vt 0.875 0
vt 0.875 0.1875
vt 0.8125 0.1875
vt 0.8125 0.25
vt 0.875 0.25
vt 0.9375 0.25
vt 0.875 0.25
vt 0.875 0.1875
vt 0.9375 0.1875
vn 0 0.26723837607825685 -0.963630453208623
vn 1 0 0
vn 0 -0.26723837607825685 0.963630453208623
vn -1 0 0
vn 0 0.963630453208623 0.26723837607825685
vn 0 -0.963630453208623 -0.26723837607825685
usemtl m_3fc029c2-0de1-05ce-61fd-d479881cf75e
f 60/172/43 63/171/43 61/170/43 58/169/43
f 59/176/44 60/175/44 58/174/44 57/173/44
f 64/180/45 59/179/45 57/178/45 62/177/45
f 63/184/46 64/183/46 62/182/46 61/181/46
f 62/188/47 57/187/47 58/186/47 61/185/47
f 63/192/48 60/191/48 59/190/48 64/189/48
o Right Leg
v 0.24454358344860916 0.7294566264805262 0.12249058807760371
v 0.24280412330616485 0.7792682476950992 -0.12249058807760371
v 0.2701927426968196 -0.005039194245064271 -0.027035362735294166
v 0.26845328255437517 0.04477242696950856 -0.2720165388905016
v -0.007043583448609114 0.770543373519474 -0.12249058807760371
v -0.00530412330616481 0.7207317523049008 0.12249058807760371
v 0.018605575799601204 0.036047552793883386 -0.2720165388905016
v 0.02034503594204562 -0.013764068420689557 -0.027035362735294166
vt 0.0625 0.6875
vt 0.125 0.6875
vt 0.125 0.5
vt 0.0625 0.5
vt 0 0.6875
vt 0.0625 0.6875
vt 0.0625 0.5
vt 0 0.5
vt 0.1875 0.6875
vt 0.25 0.6875
vt 0.25 0.5
vt 0.1875 0.5
vt 0.125 0.6875
vt 0.1875 0.6875
vt 0.1875 0.5
vt 0.125 0.5
vt 0.125 0.6875
vt 0.0625 0.6875
vt 0.0625 0.75
vt 0.125 0.75
vt 0.1875 0.75
vt 0.125 0.75
vt 0.125 0.6875
vt 0.1875 0.6875
vn -0.006957840569777404 0.19924648485829155 -0.9799247046208296
vn 0.9993908270190959 0.03489949670250096 -2.6020852139652114e-18
vn 0.006957840569777404 -0.19924648485829155 0.9799247046208296
vn -0.9993908270190959 -0.03489949670250096 2.6020852139652114e-18
vn -0.03419887899761387 0.979327760967454 0.1993679344171972
vn 0.03419887899761387 -0.979327760967454 -0.1993679344171972
usemtl m_3fc029c2-0de1-05ce-61fd-d479881cf75e
f 68/196/49 71/195/49 69/194/49 66/193/49
f 67/200/50 68/199/50 66/198/50 65/197/50
f 72/204/51 67/203/51 65/202/51 70/201/51
f 71/208/52 72/207/52 70/206/52 69/205/52
f 70/212/53 65/211/53 66/210/53 69/209/53
f 71/216/54 68/215/54 67/214/54 72/213/54
o Right Leg Layer
v 0.2597334238953476 0.7421907010557085 0.14091703556257285
v 0.2577765312350977 0.7982287749221029 -0.13468678761203545
v 0.28645129811223347 -0.02290911220011499 -0.014839163200862426
v 0.28449440545198357 0.033128961666279544 -0.2904429863754707
v -0.023302138864022992 0.7884132914745245 -0.13468678761203545
v -0.021345246203773094 0.73237521760813 0.14091703556257285
v 0.00341573535286277 0.02331347821870111 -0.2904429863754707
v 0.005372628013112779 -0.032724595647693366 -0.014839163200862426
vt 0.0625 0.4375
vt 0.125 0.4375
vt 0.125 0.25
vt 0.0625 0.25
vt 0 0.4375
vt 0.0625 0.4375
vt 0.0625 0.25
vt 0 0.25
vt 0.1875 0.4375
vt 0.25 0.4375
vt 0.25 0.25
vt 0.1875 0.25
vt 0.125 0.4375
vt 0.1875 0.4375
vt 0.1875 0.25
vt 0.125 0.25
vt 0.125 0.4375
vt 0.0625 0.4375
vt 0.0625 0.5
vt 0.125 0.5
vt 0.1875 0.5
vt 0.125 0.5
vt 0.125 0.4375
vt 0.1875 0.4375
vn -0.006957840569777404 0.19924648485829155 -0.9799247046208296
vn 0.9993908270190959 0.03489949670250096 -2.6020852139652114e-18
vn 0.006957840569777404 -0.19924648485829155 0.9799247046208296
vn -0.9993908270190959 -0.03489949670250096 2.6020852139652114e-18
vn -0.03419887899761387 0.979327760967454 0.1993679344171972
vn 0.03419887899761387 -0.979327760967454 -0.1993679344171972
usemtl m_3fc029c2-0de1-05ce-61fd-d479881cf75e
f 76/220/55 79/219/55 77/218/55 74/217/55
f 75/224/56 76/223/56 74/222/56 73/221/56
f 80/228/57 75/227/57 73/226/57 78/225/57
f 79/232/58 80/231/58 78/230/58 77/229/58
f 78/236/59 73/235/59 74/234/59 77/233/59
f 79/240/60 76/239/60 75/238/60 80/237/60
o Left Leg
v 0.006931382627872296 0.7673303623983014 0.12310096912652602
v 0.005416324126901628 0.7239447634260734 -0.12310096912652602
v -0.01884558856876295 0.0291744863450355 0.2533371023767238
v -0.020360647069733562 -0.014211112627192601 0.007135164123671767
v -0.24443138262787223 0.7326696376016986 -0.12310096912652602
v -0.24291632412690167 0.7760552365739266 0.12310096912652602
v -0.2702083538245075 -0.005486238451567316 0.007135164123671767
v -0.2686932953235369 0.037899360520660785 0.2533371023767238
vt 0.3125 0.1875
vt 0.375 0.1875
vt 0.375 0
vt 0.3125 0
vt 0.25 0.1875
vt 0.3125 0.1875
vt 0.3125 0
vt 0.25 0
vt 0.4375 0.1875
vt 0.5 0.1875
vt 0.5 0
vt 0.4375 0
vt 0.375 0.1875
vt 0.4375 0.1875
vt 0.4375 0
vt 0.375 0
vt 0.375 0.1875
vt 0.3125 0.1875
vt 0.3125 0.25
vt 0.375 0.25
vt 0.4375 0.25
vt 0.375 0.25
vt 0.375 0.1875
vt 0.4375 0.1875
vn -0.006060234003882348 -0.17354239588891246 -0.9848077530122082
vn 0.9993908270190959 -0.03489949670250102 2.6020852139652114e-18
vn 0.006060234003882348 0.17354239588891246 0.9848077530122082
vn -0.9993908270190959 0.03489949670250102 -2.6020852139652114e-18
vn 0.034369294928846994 0.9842078347376881 -0.17364817766693041
vn -0.034369294928846994 -0.9842078347376881 0.17364817766693041
usemtl m_3fc029c2-0de1-05ce-61fd-d479881cf75e
f 84/244/61 87/243/61 85/242/61 82/241/61
f 83/248/62 84/247/62 82/246/62 81/245/62
f 88/252/63 83/251/63 81/250/63 86/249/63
f 87/256/64 88/255/64 86/254/64 85/253/64
f 86/260/65 81/259/65 82/258/65 85/257/65
f 87/264/66 84/263/66 83/262/66 88/261/66
o Left Leg Layer
v 0.023178575689619563 0.7848749051158657 0.135775337491296
v 0.021474134876027673 0.736066106272109 -0.14120184304338756
v -0.0036724359735421652 0.015962534227046854 0.27143797629358535
v -0.005376876787134055 -0.03284626461670981 -0.005539204241098217
v -0.25960453522309307 0.7458815897196873 -0.14120184304338756
v -0.2579000944095012 0.794690388563444 0.135775337491296
v -0.2864555468862548 -0.023030781169131376 -0.005539204241098217
v -0.2847511060726629 0.025778017674625286 0.27143797629358535
vt 0.0625 0.1875
vt 0.125 0.1875
vt 0.125 0
vt 0.0625 0
vt 0 0.1875
vt 0.0625 0.1875
vt 0.0625 0
vt 0 0
vt 0.1875 0.1875
vt 0.25 0.1875
vt 0.25 0
vt 0.1875 0
vt 0.125 0.1875
vt 0.1875 0.1875
vt 0.1875 0
vt 0.125 0
vt 0.125 0.1875
vt 0.0625 0.1875
vt 0.0625 0.25
vt 0.125 0.25
vt 0.1875 0.25
vt 0.125 0.25
vt 0.125 0.1875
vt 0.1875 0.1875
vn -0.006060234003882348 -0.17354239588891246 -0.9848077530122082
vn 0.9993908270190959 -0.03489949670250102 2.6020852139652114e-18
vn 0.006060234003882348 0.17354239588891246 0.9848077530122082
vn -0.9993908270190959 0.03489949670250102 -2.6020852139652114e-18
vn 0.034369294928846994 0.9842078347376881 -0.17364817766693041
vn -0.034369294928846994 -0.9842078347376881 0.17364817766693041
usemtl m_3fc029c2-0de1-05ce-61fd-d479881cf75e
f 92/268/67 95/267/67 93/266/67 90/265/67
f 91/272/68 92/271/68 90/270/68 89/269/68
f 96/276/69 91/275/69 89/274/69 94/273/69
f 95/280/70 96/279/70 94/278/70 93/277/70
f 94/284/71 89/283/71 90/282/71 93/281/71
f 95/288/72 92/287/72 91/286/72 96/285/72